main.floors.LuckyGold4=
{
    "floorId": "LuckyGold4",
    "title": "魔法楼阁",
    "name": "魔法楼阁",
    "width": 15,
    "height": 15,
    "canFlyTo": false,
    "canFlyFrom": false,
    "canUseQuickShop": false,
    "cannotViewMap": true,
    "images": [],
    "ratio": 1,
    "defaultGround": "ground",
    "bgm": "mine.ogg",
    "firstArrive": [],
    "eachArrive": [],
    "parallelDo": "",
    "events": {},
    "changeFloor": {
        "7,1": {
            "floorId": ":before",
            "stair": "upFloor"
        },
        "7,13": {
            "floorId": ":next",
            "stair": "downFloor"
        }
    },
    "beforeBattle": {},
    "afterBattle": {},
    "afterGetItem": {},
    "afterOpenDoor": {},
    "autoEvent": {},
    "cannotMove": {},
    "cannotMoveIn": {},
    "map": [
    [20040,20041,20041,20041,20041,20041,20041,20041,20041,20041,20041,20041,20041,20041,20042],
    [20040,  0,  0,218,217,218,  0, 88,  0,218,217,218,  0,  0,20042],
    [20040,  0,365,365,498,365,365,218,365,365,498,365,365,  0,20042],
    [20040,218,365,  0,219,  0,365,217,365,  0,219,  0,365,218,20042],
    [20040,217,498,219, 63,219,498,218,498,219, 63,219,498,217,20042],
    [20040,218,365,  0,219,  0,365,  0,365,  0,219,  0,365,218,20042],
    [20040,  0,365,365,498,365,365, 33,365,365,498,365,365,  0,20042],
    [20040,  0,218,217,218,  0, 33, 33, 33,  0,218,217,218,  0,20042],
    [20040,  0,365,365,498,365,365, 33,365,365,498,365,365,  0,20042],
    [20040,218,365,  0,219,  0,365,  0,365,  0,219,  0,365,218,20042],
    [20040,217,498,219, 63,219,498,218,498,219, 63,219,498,217,20042],
    [20040,218,365,  0,219,  0,365,217,365,  0,219,  0,365,218,20042],
    [20040,  0,365,365,498,365,365,218,365,365,498,365,365,  0,20042],
    [20040,  0,  0,218,217,218,  0, 87,  0,218,217,218,  0,  0,20042],
    [20048,20049,20049,20049,20049,20049,20049,20049,20049,20049,20049,20049,20049,20049,20050]
],
    "bgmap": [

],
    "fgmap": [

]
}